7.613602523695728910e-20
8.594523020973910124e-19
9.701823247031705998e-18
1.095178569967681197e-16
1.236279067940564433e-15
1.395558656587943778e-14
1.575359491625050378e-13
1.778325487171484267e-12
2.007441193667804681e-11
2.266075684740958522e-10
2.558032098360920061e-09
2.887603560775500491e-08
3.259636315567028006e-07
3.679600986123513786e-06
4.153673019416585072e-05
4.688823493985810323e-04
5.292921627432555474e-03
5.974850490763278926e-02
6.744637631124417165e-01
7.613602523695729651e+00
