1.306441781824529471e+02 1.306442365830533276e+02 1.306442491627216782e+02 1.306442693247212787e+02 1.306444751569563039e+02 1.306467953856041788e+02 1.306729779165780201e+02 1.309674425222562490e+02 1.341586646359355086e+02 1.598453828825088010e+02 2.875527310455648831e+02 1.073098062677584721e+03 6.069677724522368408e+03 3.385637464569487929e+04 2.275670147958990710e+05 1.584482180507127428e+06 1.355265693237895519e+07 1.522628634669529200e+08 1.718800897779061556e+09 1.940247581674673080e+10
1.306442232272949582e+02 1.306442434040526734e+02 1.306442502757271313e+02 1.306442694624478804e+02 1.306444751757801157e+02 1.306467953879442234e+02 1.306729779176723696e+02 1.309674425233339150e+02 1.341586646370302276e+02 1.598453828837500907e+02 2.875527310475039826e+02 1.073098062682519640e+03 6.069677724544606463e+03 3.385637464581793756e+04 2.275670147965278011e+05 1.584482180511600105e+06 1.355265693239557929e+07 1.522628634669708312e+08 1.718800897779079437e+09 1.940247581674673462e+10
1.306442444981229301e+02 1.306442475135284838e+02 1.306442508943326857e+02 1.306442695730536627e+02 1.306444752000636242e+02 1.306467954016855515e+02 1.306729779299183463e+02 1.309674425354945413e+02 1.341586646493871058e+02 1.598453828977611693e+02 2.875527310693947811e+02 1.073098062738223007e+03 6.069677724795691574e+03 3.385637464720715798e+04 2.275670148036246246e+05 1.584482180562082212e+06 1.355265693258315697e+07 1.522628634671718478e+08 1.718800897779281616e+09 1.940247581674693680e+10
1.306442492433768621e+02 1.306442495214351993e+02 1.306442513968774222e+02 1.306442697629347833e+02 1.306444753460445725e+02 1.306467955397994558e+02 1.306729780671018943e+02 1.309674426727516732e+02 1.341586647888758534e+02 1.598453830559241169e+02 2.875527313165024452e+02 1.073098063367031273e+03 6.069677727630027221e+03 3.385637466288918222e+04 2.275670148837365850e+05 1.584482181131952908e+06 1.355265693470056914e+07 1.522628634694426656e+08 1.718800897781550884e+09 1.940247581674921799e+10
1.306442513345896259e+02 1.306442514845792857e+02 1.306442531112724339e+02 1.306442713404236429e+02 1.306444768972920087e+02 1.306467970873129332e+02 1.306729796141773932e+02 1.309674442220722597e+02 1.341586663634765841e+02 1.598453848413281548e+02 2.875527341059479909e+02 1.073098070465250657e+03 6.069677759625046747e+03 3.385637483991371118e+04 2.275670157880705665e+05 1.584482187564867316e+06 1.355265695860282332e+07 1.522628634950755239e+08 1.718800897807184696e+09 1.940247581677483368e+10
1.306442688487307180e+02 1.306442689916769666e+02 1.306442706053078666e+02 1.306442888147950327e+02 1.306444943602830620e+02 1.306468145483125056e+02 1.306729970771770581e+02 1.309674617112609951e+02 1.341586841381592592e+02 1.598454049956455094e+02 2.875527655942657930e+02 1.073098150592647016e+03 6.069678120796965231e+03 3.385637683823392581e+04 2.275670259965351433e+05 1.584482260182041908e+06 1.355265722842048854e+07 1.522628637844292521e+08 1.718800898096538067e+09 1.940247581706420135e+10
1.306444659528362138e+02 1.306444660957117208e+02 1.306444677087341972e+02 1.306444859172569863e+02 1.306446914612278078e+02 1.306470116505481940e+02 1.306731942055473610e+02 1.309676591358721396e+02 1.341588847856083078e+02 1.598456325053251419e+02 2.875531210464490641e+02 1.073099055101090244e+03 6.069682197841705602e+03 3.385639939602551021e+04 2.275671412335164787e+05 1.584483079911928624e+06 1.355266027422362752e+07 1.522628670507628024e+08 1.718800901362872839e+09 1.940247582033053207e+10
1.306466909001476324e+02 1.306466910430447115e+02 1.306466926560932791e+02 1.306467108647911459e+02 1.306469164109724375e+02 1.306492366264823488e+02 1.306754194786705909e+02 1.309698877533782309e+02 1.341611497837874651e+02 1.598482007347885769e+02 2.875571335406129947e+02 1.073109265538620321e+03 6.069728220972625422e+03 3.385665403639841679e+04 2.275684420677934831e+05 1.584492333297216333e+06 1.355269465628742799e+07 1.522629039223591685e+08 1.718800938234483004e+09 1.940247585720215225e+10
1.306718086961730592e+02 1.306718088390861112e+02 1.306718104523413615e+02 1.306718286633754360e+02 1.306720342358991900e+02 1.306743547487632782e+02 1.307005409567016727e+02 1.309950469842761720e+02 1.341867196939715541e+02 1.598771936652094325e+02 2.876024300359193830e+02 1.073224525271557695e+03 6.070247735409408051e+03 3.385952844642295531e+04 2.275831258130918723e+05 1.584596784393519163e+06 1.355308275925906748e+07 1.522633201409862936e+08 1.718801354455034733e+09 1.940247627342286301e+10
1.309555711549093360e+02 1.309555712980289854e+02 1.309555729136181128e+02 1.309555911509956729e+02 1.309557970208925894e+02 1.309581208905300116e+02 1.309843449795840229e+02 1.312792771760162509e+02 1.344755858415558976e+02 1.602047040363551673e+02 2.881140012284530485e+02 1.074525677196544848e+03 6.076110667569189900e+03 3.389196733193952241e+04 2.277488095043712819e+05 1.585775278790895594e+06 1.355746192857785709e+07 1.522680183294427693e+08 1.718806052888609409e+09 1.940248097187815475e+10
1.341872372789750330e+02 1.341872374244282469e+02 1.341872390663578187e+02 1.341872576010783291e+02 1.341874668274866167e+02 1.341898285856889004e+02 1.342164802467989944e+02 1.345162227540726292e+02 1.377648656299827223e+02 1.639306727025082466e+02 2.939201364958987597e+02 1.089220267548110996e+03 6.142095163861421497e+03 3.425705068814528204e+04 2.296099341072108946e+05 1.599003435811187606e+06 1.360665683984047547e+07 1.523210220555939078e+08 1.718859087820129156e+09 1.940253400957666779e+10
1.742683824537399744e+02 1.742683826251865469e+02 1.742683845605405395e+02 1.742684064075437789e+02 1.742686530241713285e+02 1.742714368465993005e+02 1.743028515609223632e+02 1.746561877890069923e+02 1.784888787744468459e+02 2.095919997027687032e+02 3.631889328101377146e+02 1.255304017110876430e+03 6.859581592769307463e+03 3.822606527204488521e+04 2.494575875363997766e+05 1.738771046993439784e+06 1.413331661839434691e+07 1.529154136907067299e+08 1.719457413964927912e+09 1.940313268797949219e+10
8.958793535789178577e+02 8.958793538629273598e+02 8.958793570689460921e+02 8.958793932596972809e+02 8.958798017940619047e+02 8.958844134151222534e+02 8.959364622680492403e+02 8.965228824104792693e+02 9.030040389479806890e+02 9.635655195402819118e+02 1.303138049987180011e+03 2.875137265820018911e+03 1.197544708125450234e+04 6.566294558278564364e+04 3.794850080940328771e+05 2.550623343673517928e+06 1.798725537760021165e+07 1.591764820679365396e+08 1.726167131967085600e+09 1.940988682021783447e+10
1.010231271660185666e+04 1.010231271688764173e+04 1.010231272011370493e+04 1.010231275653065677e+04 1.010231316761901144e+04 1.010231780813365367e+04 1.010237019120444165e+04 1.010296140709242900e+04 1.010962206158971276e+04 1.018318973158559857e+04 1.086860859117554355e+04 1.470430703607487521e+04 3.245180569047856261e+04 1.351724093480893644e+05 7.411761069907515775e+05 4.283587937273677438e+06 2.879108955477360263e+07 2.030464976240922809e+08 1.796844444233543634e+09 1.948562865945137787e+10
1.140387338811972731e+05 1.140387338814830437e+05 1.140387338847091014e+05 1.140387339211260987e+05 1.140387343322144734e+05 1.140387389727355767e+05 1.140387913566232601e+05 1.140393826765751292e+05 1.140460565455403848e+05 1.141212445373399241e+05 1.149517042722829792e+05 1.226889720760873752e+05 1.659877895328715676e+05 3.663282791700100061e+05 1.525877375824374845e+06 8.366676739825085737e+06 4.835476375957966596e+07 3.250047283231582046e+08 2.292065802919396877e+09 2.028346094113946533e+10
1.287312439248139504e+06 1.287312439248425188e+06 1.287312439251650823e+06 1.287312439288067864e+06 1.287312439699156675e+06 1.287312444339677924e+06 1.287312496723638615e+06 1.287313088052811334e+06 1.287319763096490176e+06 1.287395100258211372e+06 1.288243850799640873e+06 1.297618394962862367e+06 1.384959605713327182e+06 1.873733063816890586e+06 4.135252423227557912e+06 1.722468199894959107e+07 9.444621731391452253e+07 5.458468957527532578e+08 3.668776523078678131e+09 2.587370728570114899e+10
1.453167059860309400e+07 1.453167059860337153e+07 1.453167059860659204e+07 1.453167059864301048e+07 1.453167059905409999e+07 1.453167060369462706e+07 1.453167065607859381e+07 1.453167124740858562e+07 1.453167792255635746e+07 1.453175327297868766e+07 1.453260370740670525e+07 1.454218472512424551e+07 1.464800813181141391e+07 1.563394881381883100e+07 2.115140881338944659e+07 4.668029627020195127e+07 1.944387371263338029e+08 1.066144688302334309e+09 6.161726589841670990e+09 4.141453955374427032e+10
1.640390040118352473e+08 1.640390040118355155e+08 1.640390040118386745e+08 1.640390040118750334e+08 1.640390040122861564e+08 1.640390040169266760e+08 1.640390040693106949e+08 1.640390046606407464e+08 1.640390113357978165e+08 1.640390866873951852e+08 1.640399372715139091e+08 1.640495372975813448e+08 1.641576914559859931e+08 1.653522661689423025e+08 1.764819381769765019e+08 2.387651173106757104e+08 5.269448722487139106e+08 2.194898140795248985e+09 1.203504522174032974e+10 6.955590452814385986e+10
1.851734434427753925e+09 1.851734434427753925e+09 1.851734434427757978e+09 1.851734434427793503e+09 1.851734434428204536e+09 1.851734434432844639e+09 1.851734434485229254e+09 1.851734435076559305e+09 1.851734441751717329e+09 1.851734517103419304e+09 1.851735367700802326e+09 1.851744969416634798e+09 1.851853338148496628e+09 1.853074223270000696e+09 1.866559035274335146e+09 1.992194990121248960e+09 2.695271116328294754e+09 5.948353386232955933e+09 2.477684189717940521e+10 1.358561507443927155e+11
2.090307994919372559e+10 2.090307994919372559e+10 2.090307994919373703e+10 2.090307994919376755e+10 2.090307994919418335e+10 2.090307994919881058e+10 2.090307994925119400e+10 2.090307994984252548e+10 2.090307995651768875e+10 2.090308003186940384e+10 2.090308088246796417e+10 2.090309048433353043e+10 2.090319887214011002e+10 2.090442217944809341e+10 2.091820399331356812e+10 2.107042566084094620e+10 2.248865192473278046e+10 3.042524164474680328e+10 6.714726695510684967e+10 2.796903796981696777e+11
