1.776507255529003613e-19
2.005388704893912041e-18
2.263758757640731348e-17
2.555416663257923287e-16
2.884651158527983415e-15
3.256303532038535377e-14
3.675838813791784130e-13
4.149426136733463896e-12
4.684029451891543826e-11
5.287509931062236983e-10
5.968741562842146809e-09
6.737741641809502139e-08
7.605818069656398328e-07
8.585735634288200528e-06
9.691903711972032738e-05
1.094058815263355706e-03
1.235015046400929351e-02
1.394131781178098717e-01
1.573748780595697339e+00
1.776507255529003615e+01
